Microsoft Internet Explorer	2	i5-3570K	1963	27695	15256	18296	21675	19550	16503	38756	8198	22283	25544	6592	16839	12506	17207	27101	13184
Chrome	2	i5-3230M	3441	23797	14235	20721	17616	22966	15022	28265	16819	37109	25536	18418	27172	28138	28847	54876	35162
Firefox	1	i5-480M	1721	18310	9720	14940	15826	15455	9897	12749	12786	38261	20848	5991	17796	20645	31165	37880	25462
Microsoft Internet Explorer	1	i5-560M	1410	18957	11116	10482	16842	13006	10125	25394	4474	13569	15642	4470	12349	7591	11680	19401	9614
Firefox	2	i7-3632QM	1330	12048	7009	10615	9442	10657	5898	9843	10993	23586	15915	4859	12599	14596	21617	24965	18070
Firefox	1	i5-560M	1951	22364	11543	19218	21124	18696	12006	16004	11140	46084	23910	3216	21718	25407	29008	46391	28259
Chrome	2	i5-2320	3377	20357	14811	21516	16729	21769	15945	32304	17023	37667	25998	21143	26427	27569	29511	55933	34038
Chrome	2	i5-3230M	3445	23892	13669	20178	17014	22888	14674	29570	16698	36930	25790	18282	27243	29761	28876	54123	34593
Chrome	0	Core 2 Duo P8600	1491	11925	7044	10800	5431	14935	4896	17505	10643	20413	12133	9371	16783	13528	13267	22576	18112
Chrome	2	i7-3770	4116	29118	16515	28444	23405	27712	21199	40633	19247	46790	29971	19860	33099	46983	33226	72879	41152
Chrome	1	i5-460M	2264	19866	9857	14291	10562	17254	9783	15040	9362	29679	14269	10428	19420	17316	19980	31546	23320
Chrome	2	i7-3770	4071	28641	17919	28303	23295	28389	20169	40504	23120	46690	29069	22287	33004	38419	32338	74668	40297
Chrome	2	i7-3770	4161	29206	18270	28472	22058	28421	21031	34819	19607	46633	29462	19295	32781	45544	33152	72377	40874
Chrome	0	i3-370M	2127	17129	9556	12620	9514	15286	8100	18609	10814	22163	15263	11558	18301	17350	18259	30538	22167
Chrome	1	i5-560M	2693	22831	10970	16518	12401	20277	10845	20940	11743	30177	18623	11998	23631	21688	22325	40561	27366
Chrome	0	Pentium D 960	1601	14662	6012	6251	4100	13159	4018	10566	8671	19232	12225	7168	12885	7501	12481	17918	15809
Chrome	2	i7-2670QM	3102	21685	11941	19273	15292	19848	14118	26980	12737	32991	22779	16671	24182	30721	25308	48969	29945
Chrome	2	i5-2450M	3114	22785	12867	19366	15482	20331	13604	27563	12452	33727	23652	17224	24655	22749	26949	49356	30355
Chrome	2	i5-3230M	2872	19787	12300	16782	13154	19322	12942	23158	11625	30872	20966	14829	22745	26842	24470	41769	29031
Chrome	2	i5-2430M	2782	20628	9737	17336	13733	18340	13539	25624	12778	30834	21441	14539	22579	27680	24273	43686	28107
Chrome	0	Core 2 Duo E4500	1938	15520	6504	9066	5264	14025	5786	15141	8508	20394	14553	11464	18636	10844	16125	15036	19776
Microsoft Internet Explorer	0	Core 2 Duo E6400	908	12453	7626	6620	8080	8815	7528	15050	3286	9547	9500	2947	8790	5379	6393	12506	6149
Microsoft Internet Explorer	0	Celeron B800	777	10128	6520	5932	10071	6680	6058	15732	3309	7658	9952	3191	6489	4163	6332	10092	4875
Chrome	2	i5-3230M	3193	19806	12242	16326	13223	15637	12560	22749	14562	30897	31792	19640	22501	26789	42179	41811	29813
Chrome	2	i5-2450M	2965	22831	11702	19534	15434	20191	13630	27350	13813	33921	22601	13209	24786	30967	25086	49161	29882
Chrome	2	i5-3230M	3421	23750	14278	20939	16562	23237	15112	26569	15793	36682	25668	17975	27098	32910	28979	53598	34487
Firefox	0	Pentium E5200	1569	15047	9263	11563	10473	13240	8322	1692	12460	33831	17736	6704	18565	16010	29896	33538	22751
Microsoft Internet Explorer	0	i3-380M	1146	15149	9692	8797	12717	10333	10740	23301	4132	11380	13209	3560	7692	7027	10708	15663	7161
Chrome	2	i5-3230M	3404	23897	14399	19553	16238	22924	14547	28240	16160	37136	25444	17775	26981	34562	28802	53494	34540
Chrome	2	i5-2500	3762	26807	15052	24608	19861	23929	17746	34138	20576	41079	26887	17962	29530	40543	29334	64750	36206
Firefox	0	i3-3240	2376	27278	14647	25197	27093	25702	12199	27222	18857	50021	30143	6867	27338	39423	42401	58636	35109
Firefox	2	i5-2320	2567	23549	14325	24277	25697	21090	10237	25194	15068	48885	31502	6121	25887	37374	46619	59104	12007
Chrome	1	i5-460M	2409	20162	10920	12480	10031	17352	10607	20437	10545	27191	16937	13673	21619	20521	20101	36767	25052
Chrome	2	i7-3630QM	1386	8981	5674	6115	4127	8819	4722	13287	9237	14379	10493	5750	10160	6870	12284	12354	13336
Firefox	2	i5-3570K	3250	29887	12145	31231	79130	27293	16519	31655	24227	56703	38109	11102	29950	42081	52983	67340	15201
Firefox	2	i5-2400S	2818	25376	15755	24656	29674	20879	14021	23327	15459	61868	23472	9553	23151	31479	63354	52108	28219
Chrome	2	i5-2320	3401	24017	14757	21686	17554	21405	16119	31001	16925	37676	25677	19313	26469	27707	28433	55151	32755
Chrome	0	Celeron 1005M	2077	13880	8209	11551	8054	13798	8406	18525	9697	22938	15526	8860	16158	12910	17242	26054	20702
Chrome	2	i7-4800MQ	4595	28231	18492	29791	24558	29685	21480	41211	22557	45521	31849	23369	33964	45499	37554	70346	46567
Microsoft Internet Explorer	2	i7-3632QM	805	11167	7126	6412	8566	7853	7162	17462	4095	8941	10407	3839	6729	4131	6640	10005	5435
Firefox	2	i7-3770	3318	30744	17605	31821	36927	27539	11805	32812	25515	58662	38680	12800	31578	45318	58770	72377	15220
Firefox	2	i7-3770	3341	30892	17349	31885	36388	29104	17145	31639	25872	58038	39910	11987	30953	47077	57588	67207	33535
Chrome	2	i5-2500	3852	26928	16320	24489	19704	24490	18677	36798	19411	41101	27943	23501	29495	32370	31472	64686	36947
Chrome	0	i3-370M	1465	12636	6470	6614	4826	10798	5488	9596	5044	16756	10569	4754	12613	7591	12210	15509	15690
Chrome	0	Pentium G640	2898	20883	11266	16453	12494	17134	12632	24153	13609	30991	21170	16468	22890	26868	24050	42971	28596
Chrome	2	i5-3230M	3407	23945	13612	21244	17554	22888	14645	30665	16608	36912	25092	17984	26904	32338	28790	55151	34481
Chrome	2	i5-3230M	3424	23892	14483	21020	17431	21822	14048	26680	16144	36050	25511	18069	26981	33449	28461	43771	34580
Chrome	2	i5-3230M	3421	23892	14531	21060	17616	22636	13979	27071	16445	37345	25538	18091	26995	33549	28523	44557	34421
Chrome	1	i5-560M	2701	22660	10493	15790	13154	19925	10908	22846	11702	30189	18411	12599	24496	23268	22177	38965	27975
Chrome	2	i7-3930K	3662	26362	14464	24137	20102	23534	17903	36019	18865	40278	26990	16621	28958	39306	29126	58874	35300
Chrome	2	i5-2500	3709	27009	15253	23841	19627	23896	17592	31781	20128	40751	26635	17334	29558	40624	29688	64056	35968
Chrome	2	i5-2500	3792	26874	16264	22990	18671	24303	18768	31584	19370	40642	27750	18194	29530	40382	30858	63029	36973
Chrome	0	Celeron G1610	2744	19767	11544	16832	12783	19541	12042	22749	11785	31238	19810	14799	22530	26383	22274	42889	28107
Safari	2	i5-4250U	1565	20377	18273	16665	13964	19857	11462	27297	12251	37537	27244	7426	22307	22054	34967	27384	17742
Chrome	2	i7-3770	4210	24783	16983	28303	23515	27850	21094	36368	23323	46533	31697	26956	32979	45408	35815	72306	42163
Chrome	2	i7-3770	4231	29176	17117	28415	24558	27824	20764	40517	22304	45413	31676	25569	33011	47713	35963	72951	42130
Chrome	2	i5-3210M	3728	23626	14161	22315	16399	22394	16087	22338	10398	39123	22573	10875	27204	30967	28183	51546	33152
Chrome	1	i5-560M	2623	22785	11229	15073	11648	19828	10919	24899	11539	29467	17391	8746	24454	25331	19886	41399	26540
Chrome	0	Celeron 430	1407	11347	4922	5999	4076	10233	3441	6756	6894	14621	9805	3215	13955	6771	10730	17451	13944
Firefox	2	i7-3520M	2906	28703	16403	28219	32583	24918	11593	21156	22622	56936	35756	12822	28326	45047	80141	64178	15002
Chrome	1	i5-560M	1290	22854	11778	15879	13223	18145	10834	19449	11009	30248	3723	9357	23638	22054	4205	41440	9360
Chrome	2	i5-2500	3731	26606	16270	24608	18671	23723	18462	31726	20308	40556	26958	17597	29608	40880	29674	63869	35683
Chrome	2	i5-4300U	2600	22705	13182	21622	14534	23587	13110	32329	15654	36948	25016	15999	26886	30967	28671	52160	35605
Firefox	2	i7-2670QM	2430	21623	13132	21643	22763	19228	11071	25224	19908	45145	26406	8676	22773	32338	31270	50458	32061
Microsoft Internet Explorer	0	i3-2350M	1182	15164	9497	8595	10721	10091	9489	22516	4816	11865	14258	4280	8469	6385	9940	14146	7498
Microsoft Internet Explorer	0	Celeron B800	756	10128	6420	5754	7989	6779	6618	15515	3281	7886	9516	3460	6100	6648	6185	10239	5012
Chrome	2	i7-3770	4137	29118	18142	27862	20946	28274	20927	40529	19965	46690	29879	19476	33184	38921	32782	73169	40688
Microsoft Internet Explorer	0	i3-4025	1121	14413	8807	9609	13294	9902	9606	24701	4327	11541	12286	4255	9832	5970	10434	13001	7471
Firefox	1	i5-480M	1797	19600	9961	16000	15927	15503	6587	17556	13202	37091	20690	6062	18728	20854	33159	36439	9104
Firefox	1	i5-480M	1771	19866	10277	16061	17616	16220	9163	18025	12867	38678	21980	6954	19130	21473	34483	40059	26408
Firefox	2	i5-3470U	3040	28790	16304	29048	32371	25701	14963	27791	25164	56724	36304	12612	28729	41084	73111	65721	45668
Chrome	2	i7-4790	4550	29383	18543	30810	27391	31063	23102	50179	20336	47621	30680	19378	34903	51999	34631	79352	46223
Chrome	2	i7-3610QM	3404	23774	13303	21881	17131	23424	16908	30122	16893	38415	25121	15277	26893	36363	27972	56041	33819
Safari	2	i5-3210M	1800	24017	19215	18241	16453	21072	14341	25021	14579	43475	31533	8914	16786	20895	34927	33212	19525
Microsoft Internet Explorer	2	i5-3570K	2015	27788	16426	18789	29153	19528	18551	39100	7645	22332	25287	6282	16761	16797	17190	33407	12794
Microsoft Internet Explorer	2	i5-2500K	1568	21645	11314	13975	15245	14237	12668	30843	6250		19562	6029	13951	12155	13428	20926	10685
Chrome	2	i5-2450M	3082	22364	13305	19055	15628	19921	14355	25932	14008	33127	22737	12362	24147	31958	24863	40600	29991
Firefox	2	i7-3770	3337	30570	17408	31790	37483	26777	17440	32321	26028	57797	40107	9805	31281	44195	77107	71394	15584
Firefox	2	i7-3770	3321	30836	17409	31917	36927	27672	17609	31498	25824	57972	39421	11623	30759	43332	45538	70979	48326
Firefox	2	i5-3210M	2588	26092	14458	23977	27543	22075	13552	21086	15077	62758	20688	8447	23027	28222	63491	48730	26948
Firefox	2	i5-3570K	3144	29917	11925	30899	71217	28226	15532	30143	24211	55894	37792	9650	29883	44779	53279	64559	33112
Chrome	2	i5-3210M	2419	19974	13976	21473	15339	22381	14803	21663	15931	40470	25629	16108	27144	31353	32560	49453	33581
Firefox	2	i5-2400S	2933	25376	15765	24899	29498	20725	14603	23994	15459	61322	25726	9952	23412	31958	65119	51546	31333
Microsoft Internet Explorer	1	i5-560M	1357	20250	11023	10950	15482	12882	11082	23762	4409	13032	16029	4287	11946	7828	12675	18930	9210
Chrome	2	i5-2320	3361	24017	14429	21558	17310	21826	16679	30910	17480	37760	24740	15971	26427	31291	27158	55151	32252
Chrome	0	Celeron 1037U	1281	9092	5059	6240	4151	8816	4480	11908	8100	14629	10267	8223	10231	5406	11599	9128	13091
Firefox	2	i7-3770	3135	30744	17435	31790	36656	27655	12006	31734	21823	58662	39658	10570	31090	44416	58533	72235	46739
Chrome	0	i3-3217U	1765	11097	7530	7785	5502	10545	6069	15120	8125	19612	16466	11880	15378	9227	19073	15617	22244
Chrome	2	i5-2500	3856	26901	14925	24560	20600	24003	18515	33875	18441	40980	29436	22089	29580	39923	33710	62344	37985
Chrome	1	i5-560M	2521	18938	11741	15849	13223	20085	11865	23904	12558	29690	15831	9934	24440	25534	18426	43013	25928
Microsoft Internet Explorer	2	i7-2600	1879	24783	14925	16389	26238	16422	15882	34952	7489		22998	6124	16080	17716	16674	27462	12324
Microsoft Internet Explorer	0	Core 2 Duo E6700	1186	15737	9385	8391	11758	11157	8916	20562	4221	11920	11715	3793	10813	7710	8567	16623	7696
Microsoft Internet Explorer	2	i7-4790	2218	28231	17886	21601	34619	21681	19970	47259	6833	23535	26088	5001	17326	20460	23263	38965	14777
Firefox	1	i5-480M	1735	18126	9966	16061	15726	15456	7317	17672	11800	38638	20870	5369	4049	20999	29082	38850	8933
Microsoft Internet Explorer	1	i5-560M	1351	20182	10841	10596	15726	12381	9944	25134	4893	13796	15445	4749	12564	7370	11015	18400	9402
Microsoft Internet Explorer	2	i5-3570K	2001	27547	15947	18350	31158	19452	18842	40185	7807	22160	24430	6167	16394	16675	17190	33244	13157
Microsoft Internet Explorer	2	i5-2400	1692	22216	14354	14400	23187	14978	15355	33093	5990	17753	20171	5438	12596	14452	14815	25748	9871
Chrome	2	i5-2320	3367	23993	14699	21643	17492	21416	15976	30673	18010	37519	24752	16372	26589	27707	27298	56096	32689
Firefox	2	i7-2670QM	2304	21645	12780	21495	21961	19580	9204	22826	19041	44090	28324	8097	23614	32942	43067	53807	20417
Firefox	2	i5-3570K	3061	29917	11836	31140	79130	28272	13590	31091	23567	55813	37792	8595	29696	44504	40659	63745	39294
Firefox	0	Core 2 Duo E6700	1624	15784	9441	13465	12848	14015	8277	16148	14131	35704	21075	6683	19416	19307	35297	40718	25627
Firefox	2	i5-4460	2543	31102	15955	26559	30584	25897	14132	24826	13935	46406	31064	4441	29918	49832	40289	51647	29813
Microsoft Internet Explorer	2	i7-2630QM	1403	18568	11237	11221	14367	12520	11582	25645	6505		17706	5513	11869	11120	11928	18310	9177
Firefox	1	i5-480M	1740	18716	9035	12596	11702	15647	6789	16442	12761	37245	20972	5960	4183	21452	31492	33472	8946
Microsoft Internet Explorer	0	Celeron 1000M	953	12885	7412	6328	7964	9319	6550	19017	3700	10019	11961	4052	7869	4089	8173	9011	6354
Microsoft Internet Explorer	2	i5-3230M	650	8833	5289	5425	7163	6236	5002	12584	2665	6872	8158	3301	5211	4996	5568	8559	4113
Microsoft Internet Explorer	0	Celeron B800	783	9962	6466	5615	6992	6739	6328	13697	3529	7662	9735	3492	5557	6530	6425	8619	4813
Firefox	2	i5-2320	2562	23673	14459	24536	26377	21127	9000	27444	21514	50070	31874	9195	25901	37486	61789	59278	13032
Firefox	2	i5-3570K	3079	29828	12451	29997	65595	28206	17093	31765	21776	56936	37834	8913	29883	41002	53057	67340	44431
Microsoft Internet Explorer	1	i5-560M	1364	20398	11865	11147	17370	12944	12006	17650	4274	5638	15468	3944	9945	9394	12395	19822	9752
Firefox	0	Core 2 Duo E6400	1363	12762	7451	7880	8761	11180	5720	13119	9078	29923	16734	3482	15568	13903	24716	30073	6400
Chrome	0	Atom N270	547	3839	2429	2188	1846	3587	1768	3737	1149	4922	4532	1445	3311	2476	4197	6228	5157
Chrome	2	i7-3632QM	3497	23058	14109	20623	16899	22547	14519	27563	16168	36324	27606	17640	25647	33989	32642	52160	35664
Firefox	2	i5-2400S	2875	25178	15375	24680	28984	21242	14589	24582	16135	61919	24199	10112	24083	34562	64009	49258	29515
Chrome	0	i3-2367M	1340	9146	5468	6099	4172	8244	4858	9923	9158	13937	9835	5158	10562	7335	10603	18220	13303
Chrome	1	i5-560M	2690	22637	11481	16200	12717	20321	11807	21781	12623	29684	19599	13325	17965	25509	23804	36621	29475
Chrome	2	i7-3770	4116	29147	18130	27647	24558	28193	21136	34876	19493	46266	29945	19026	33014	44690	32831	62038	40887
Chrome	2	i5-2500	3744	26860	15592	24729	20600	24079	18116	34498	19876	41024	26990	17656	29678	37300	29732	64243	36471
Chrome	2	i5-2400	3511	24733	15027	22400	17741	22165	15682	31845	17431	37948	26002	19422	27384	29191	28461	56645	33396
Chrome	2	i5-3210M	3733	23774	13761	22294	16292	22328	15698	23344	10113	39396	23020	10799	27430	31198	28597	52524	32557
Chrome	1	i5-560M	2646	22740	11626	16263	12463	20475	11819	20659	11798	29981	17960	12131	24475	15630	21016	40996	26956
Chrome	2	i5-2500K	2372	16702	10221	13319	10174	14783	8873	19851	12843	24864	16868	12439	17651	20603	18555	35219	23763
Chrome	2	i5-2400	3720	24783	15017	22528	18128	22243	16646	29945	18018	37667	29375	20952	27370	36111	34409	46030	35433
Chrome	2	i5-3470U	3859	27049	16792	25845	18955	25896	18207	32109	21180	42986	28086	20249	30614	41500	31524	66944	39308
Chrome	2	i5-2500K	2340	14380	10023	12849	9048	14979	8864	21484	10361	24779	17128	11579	18205	20937	17650	33244	22414
Chrome	2	i7-3770	4137	29266	16792	28081	25051	28416	21480	36851	20059	46590	29832	19798	33029	46179	33669	73096	41092
Chrome	2	i5-2500K	2246	14810	10373	12573	9181	14087	8830	19562	9875	24966	16639	9294	17580	20999	17151	30130	20179
Chrome	2	i5-4570	4108	27372	15798	26691	22660	28044	18462	40134	18148	45332	26301	14233	32414	45995	29261	70276	38824
Microsoft Internet Explorer	2	i7-2670QM	1179	14692	9492	9265	12848	9908	9946	21674	4579	11939	14421	4067	9468	8037	10151	14894	7438
Chrome	2	i5-2500K	1982	15637	9990	13137	9891	14379	9624	20635	12483	25301	15788	12893	16807	20854	18555	33703	22249
Chrome	2	i5-2500	3740	26780	15229	24560	20772	24275	17423	30717	20234	40740	27007	17965	29527	41125	29924	61977	36239
Microsoft Internet Explorer	0	i3-380M	1141	16095	9619	8721	14003	10466	10597	22496	3887	11187	13676	3612	10075	7335	9130	15742	7425
Chrome	1	i5-560M	2562	22683	11659	16534	12463	20058	9859	10166	11963	13827	17247	11119	23910	23668	20457	40405	26824
Chrome	2	i5-2500K	2324	15995	9401	11179	9064	13977	10448	20172	11588	24423	16748	10116	16094	16121	17910	28631	21594
Chrome	2	i5-3210M	3822	23720	14104	20820	16081	22526	15836	23551	11254	39641	22683	10871	27091	32053	28580	51800	32523
Firefox	2	i5-2400S	2909	25376	15812	24632	27242	20990	14036	24398	15491	63121	25184	9290	23649	31229	65119	52263	31505
Firefox	0	Core 2 Duo E6700	801	7546	4186	5343	6117	7569	3913	4415	5183	18085	7783	2835	11286	6155	12038	12447	12701
Firefox	2	i5-2320	2536	23673	14726	24114	26238	20975	9375	27575	21774	49455	31879	10165	25883	37263	46499	57420	12033
Microsoft Internet Explorer	0	Celeron B800	777	10138	6333	5672	7508	6638	6881	16402	3208	7806	9752	3183	6308	5719	6600	8889	5051
Chrome	1	i5-560M	2538	21284	11808	16358	12249	20064	10730	22129	11853	29748	16764	9034	24464	25432	19240	42061	25965
Firefox	1	i5-560M	1976	22740	11494	18314	19100	18722	8299	19753	13470	45712	23973	4854	21273	25948	37628	46851	10116
Chrome	2	i7-3770	4099	29089	16596	28303	22868	28335	21199	40999	19473	46322	29886	19722	33191	46087	33152	72663	40874
Microsoft Internet Explorer	2	i7-4800MQ	2117	27936	16796	20662	31353	20918	19546	41344	7505	22801	24242	5971	16839	15031	22377	35663	13713
Firefox	2	i5-2320	2536	23945	14793	24465	26517	21114	13883	27509	21774	49121	31901	10129	25958	34494	46721	56868	12033
Microsoft Internet Explorer	1	i5-560M	1372	20142	11232	10692	17073	13075	10627	23793	4494	13216	15889	4606	12034	7561	12198	19294	9680
Chrome	2	i7-3770	4248	29028	17066	28331	24802	28286	20464	37425	22923	47950	32207	20014	33134	45318	37221	72306	43770
Chrome	0	i3-3120M	2372	18863	10680	15731	12189	18030	10537	22929	11441	29342	19860	8820	21527	23904	21721	38697	26831
Chrome	2	i5-3210M	3792	23774	13950	21080	15107	22589	15759	22210	10496	39682	22625	10382	27468	31353	28905	52577	32424
Firefox	2	i5-3570K	3138	29799	11989	30929	72249	28418	16487	31631	21896	56936	35665	9084	30046	41832	40995	66553	45211
Firefox	2	i7-2670QM	2467	22445	13032	22336	23295	19723	12030	23599	18010	46647	29768	7387	23328	31958	54019	52367	34117
Microsoft Internet Explorer	0	Core 2 Duo E8400	1305	17684	10237	9960	9756	12370	9606	23913	4441	13289	13494	3066	12380	4582	9847	16805	8542
Chrome	0	i3-350M	1982	16047	8716	9921	7553	14525	8712	17933	9280	19002	14187	10558	15720	14669	16811	25597	17746
Microsoft Internet Explorer	2	i5-3570K	2000	26162	15913	18719	31956	19357	19872	40737	7864	22048	25087	6016	16779	15979	17252	33115	13072
Firefox	1	i5-480M	1661	19639	10478	14999	15386	15770	10105	12978	9553	38864	21361	2824	18036	21431	33891	30217	24219
Firefox	2	i5-2320	2472	23821	14474	24324	25830	20812	8908	26945	20495	49631	31766	8963	25657	36147	48025	59805	34712
Microsoft Internet Explorer	0	Celeron N2815	580	7633	4592	3618	5551	5106	3682	6873	1425	5541	6180	2467	4512	3065	3357	6695	3207
Microsoft Internet Explorer	2	i5-3570K	2013	27613	15023	17336	26377	19334	16424	37228	6707	22023	24822	6035	16684	16658	17816	29873	13283
Microsoft Internet Explorer	0	Celeron B800	917	10158	6598	6214	9081	6740	6496	13088	2498	7843	9404	2876	6323	4143	6460	10150	4999
Firefox	2	i5-3570K	3129	29887	12101	30297	57301	28088	15052	30200	25776	57234	37933	8208	30413	41749	52613	66359	38646
Microsoft Internet Explorer	0	Celeron P4600	862	12699	6373	5922	8378	7756	6283	15918	3724	8746	9011	3125	6626	5788	6226	9422	5058
Microsoft Internet Explorer	1	i5-560M	1391	19717	11038	10849	17431	12811	11571	25279	3655	12998	15748	3997	12740	8029	11618	19563	9329
Firefox	1	i5-480M	1790	19124	10137	15970	17310	15902	8882	18246	12982	38300	21829	6914	19074	21167	33414	38026	26626
Microsoft Internet Explorer	2	i7-3610QM	1700	23058	13502	15499	23080	16309	15283	32635	6670	18600	21437	5614	12052	14683	14637	25523	11002
Chrome	1	i5-560M	1118	22717	9731	14552	11228	18068	4692	17407	1906	29760	3731	3486	23543	8076	4249	24989	9285
Firefox	1	i5-560M	1998	22512	11277	18441	19704	18634	10678	14883	15002	45712	21998	8290	21728	25922	51526	47981	29297
Firefox	2	i7-3770	3337	30719	17615	32307	35865	27808	16135	32828	25613	57666	39591	12962	31023	43462	45213	71742	47764
Microsoft Internet Explorer	1	i5-560M	1391	19344	11276	11126	15107	13045	11016	24525	3608	13343	15566	3592	9885	8093	11976	19747	9124
Microsoft Internet Explorer	1	i5-560M	1393	19273	10981	10079	16081	13075	10428	24648	3929	13758	15773	3995	12440	6707	11237	19294	9501
Microsoft Internet Explorer	0	Celeron B800	778	10081	6702	5629	7888	6701	6437	13834	2795	7941	9673	3184	5631	5902	6393	10294	5007
Chrome	2	i5-2320	3441	24117	13787	21729	17492	21772	16663	30504	17226	37519	25735	19516	26642	36111	28564	55095	33363
Safari	2	i7-3615QM	1940	25127	21004	25172	20685	23078	16711	31988	19007	48528	32986	13561	23649	31479	37036	41318	21310
Microsoft Internet Explorer	1	i5-430M	963	15076	5143	7169	10909	4637	9013	12785	3297	7080	7415	2952	4600	5472	5873	7709	3626
Firefox	2	i5-3570K	3097	29917	12219	31019	79130	28281	15607	29157	23641	56999	37901	9909	31203	45002	52391	65394	43512
Firefox	0	Core 2 Duo P8700	1496	15504	9372	13372	13016	13455	8556	16548	8866	35788	19599	2648	17259	14958	25382	39081	7445
Microsoft Internet Explorer	2	i5-3570K	2003	27640	14375	17304	21304	19394	16842	39783	8125	22039	25258	6950	16578	12659	16633	30687	13105
Firefox	2	i7-3770	3327	30744	17295	31508	36927	27515	17694	29563	25955	57644	36975	12497	30882	42833	59199	71533	48312
Microsoft Internet Explorer	2	i5-4670	2239	28613	15527	20355	28007	21492	15836	42644	8149	23101	26035	7450	19476	11853	21660	31358	14440
Firefox	2	i5-3210M	2674	26040	14694	24826	28325	22062	13423	21848	15434	63330	22621	8981	22466	29761	64749	49848	27166
Firefox	2	i5-4670	1847	30361	18863	33069	39565	29112	14978	32247	9065	49327	37170	1220	36389	44823	45953	50643	47711
Firefox	2	i5-2320	2588	23572	14813	24656	26238	21120	13993	24967	22068	49153	31430	10237	25887	34124	44725	56479	35717
Microsoft Internet Explorer	0	Celeron B800	780	10108	6433	5750	7588	6820	6508	16226	2842	8002	9779	3153	5963	4299	5964	9200	4694
Microsoft Internet Explorer	0	Core 2 Duo E6300	828	10884	5882	5691	7913	7949	5594	15597	2735	8352	7909	2691	7131	5311	4574	9883	5250
Chrome	2	i5-2500	3644	26564	16066	22967	18464	23373	18623	31313	18922	40427	26279	16851	28079	39038	29496	62344	35400
Firefox	2	i5-3210M	2684	26092	14561	23494	26238	22081	13110	20407	14188	62913	20976	8759	22657	29821	44251	49502	27131
Microsoft Internet Explorer	0	i3-3240	1752	25326	13877	16798	25306	17832	14875	34743	7008	19457	22484	6584	14100	12477	16280	26210	11855
Firefox	2	i5-3570K	3117	29887	12319	31079	79130	27724	16598	30858	23958	56957	34391	11698	30095	42621	52761	65721	42792
Microsoft Internet Explorer	0	Pentium 3558U	781	11529	8179	6635	10133	4173	4372	15847	2836	5516	6958	3599	3453	6904	5500	11500	2635
Microsoft Internet Explorer	2	i5-3570K	1965	27520	15394	18441	26802	19452	17025	40084	7385	22102	24951	5646	16726	17804	16263	32924	12933
Microsoft Internet Explorer	2	i5-2400	1762	22534	14694	14765	22355	14897	15428	36441	6532	18023	21755	5267	14163	15461	15183	26184	11465
Firefox	2	i7-3770	3371	30719	17661	32525	38055	29208	11807	31530	26045	57972	39466	10667	32428	44151	59125	72235	47202
Firefox	2	i5-2320	2557	23720	14756	24632	25306	20942	10055	25963	21848	47919	31738	10437	25714	37411	47312	58250	34441
Microsoft Internet Explorer	0	Celeron B800	781	10148	6526	5483	7741	6626	6261	15073	3472	7716	9627	3482	5246	5708	6313	10759	5051
Microsoft Internet Explorer	0	i3-3217U	977	13343	7741	7468	9737	9336	7941	19867	3667	10107	12131	3981	7774	5780	7844	12070	4529
Chrome	2	i7-3770	4083	28703	16446	27754	23187	27616	21542	38791	19085	47297	29856	19862	32728	45273	33226	72306	40623
Chrome	2	i5-2467M	1520	14884	9977	12973	9048	15276	9859	15916	10398	27957	16545	9115	19155	18307	19974	31111	23445
Chrome	2	i7-3770	4112	28823	16540	27514	24318	27695	20109	40008	18971	47414	30133	19850	32771	45767	33448	72377	39975
Firefox	0	Core 2 Duo E6400	1327	12796	7438	10099	9336	10517	6861	11884	9359	30005	16691	3200	15752	13808	25530	31296	19115
Chrome	0	i3-3217U	1313	13116	8175	9334	7031	12866	6935	13575	7794	20102	14726	10225	15137	12910	16354	22771	16549
Chrome	1	i5-560M	2608	22149	11824	16294	11841	19313	11137	20899	12264	29225	17641	13908	23003	23199	21090	41522	26751
Chrome	2	i7-3820	3906	27723	15587	24973	20021	24815	18029	31444	21359	42437	29051	22216	30628	41125	32042	66553	37932
Firefox	0	Core 2 Duo E8400	1790	17938	11261	15894	15482	15700	6990	20352	15421	40077	22120	5192	23140	19015	36629	46437	9058
Microsoft Internet Explorer	2	i5-4440	1783	23354	14635	17002	27696	17668	16925	37293	6299	18808	21563	5387	16179	15599	18978	28295	11961
Microsoft Internet Explorer	0	Core 2 Duo E6400	952	12404	7523	6211	7717	8975	5898	16799	3243	9452	9685	3091	8681	4679	6111	11581	6123
Microsoft Internet Explorer	2	i5-4440	1595	23649	13392	15894	24679	17219	14492	37824	7008	19009	16914	5901	15505	12910	13958	25672	10314
Microsoft Internet Explorer	2	i7-4702MQ	1866	23750	15025	17065	25178	17978	16424	37836	6430	19660	20882	5885	16666	14255	17207	30130	12318
Microsoft Internet Explorer	2	i7-2630QM	1430	18347	11607	11597	17868	12511	12417	27815	5998	14532	17892	5423	11713	10663	11078	19859	9250
Firefox	1	i5-480M	1786	20418	11107	16815	17741	16699	9917	13701	13894	39234	22123	7358	19275	22503	34449	40702	9118
Chrome	0	Celeron E3300	2087	17112	8169	10069	7163	15613	7613	14837	10952	22522	14630	11049	20669	11881	16781	28490	21475
Firefox	2	i7-2670Q	2186	21602	13296	21224	22660	19108	12730	24672	18205	42402	28432	7551	23370	29805	55573	49742	10486
Firefox	2	i5-4440	2847	25376	15328	26664	29674	22954	14978	31742	21774	47740	33081	9473	31232	40665	45657	58816	13733
Chrome	2	i7-3930K	4170	29710	17342	26770	23515	26771	20683	39196	17651	45265	34118	23128	32958	44504	39367	71603	41628
Chrome	2	i5-4460	4210	26362	17259	27540	18532	27573	19717	41970	21163	42722	29025	20712	31493	36363	32946	69451	41053
Microsoft Internet Explorer	0	Celeron B800	757	9943	6308	5606	7375	6651	6496	16476	3317	7901	9630	3600	5698	6195	6191	8881	4873
Chrome	2	i5-4570	4083	23478	15383	27382	21865	28065	19833	44196	18099	45877	26820	15319	32626	42333	29970	69792	39982
Firefox	2	i5-3210M	2300	24561	12423	18011	19100	20442	11705	17474	18238	46761	24825	10027	24069	31353	57793	50947	33145
Firefox	2	i5-2400S	2898	24634	15578	24489	28487	21643	13373	22330	15402	56017	25385	10024	23610	30936	61432	50947	19207
Firefox	0	Celeron B830	656	12489	7157	11243	10153	4934	7310	1889	8133	21532	9905	3127	6294	15677	11988	27993	8671
Firefox	2	i7-2670QM	2467	22445	12759	22812	23967	19794	12584	24634	19582	46804	29603	7482	23352	31894	43985	55987	33383
Microsoft Internet Explorer	2	i7-3632QM	1731	23602	13784	15400	25178	16503	15052	33830	6136	18771	21312	5750	14047	11296	16010	25723	11081
Microsoft Internet Explorer	2	i5-4440	1493	23525	13190	17080	19783	17119	14617	34221	4621	19121	17240	5649	16069	10601	11763	23518	9085
Firefox	1	i5-480M	1715	18828	10194	15118	15386	15751	8485	14282	13267	38185	18951	5701	17711	21410	32897	39315	25217
Firefox	2	i5-4670	3273	30775	19072	32369	40203	29428	14688	34809	19196	57234	41006	5280	36414	52155	65711	65524	16873
Chrome	0	Core 2 Duo E6400	1959	15076	7969	8139	6050	13569	7431	17855	8964	20211	16651	13177	17658	12226	18500	25375	21350
Chrome	2	i7-3770	4108	29057	18142	28191	24558	27789	19104	33794	23388	45973	30164	25321	32951	45184	33152	62716	40623
Chrome	0	i3-2350M	1699	16947	10252	14386	10861	15448	10458	20709	12020	26862	17669	12738	18950	21902	19199	35152	22883
Chrome	2	i5-2450M	3135	22216	13018	19366	12982	20127	13952	27135	12395	33402	22982	17691	24567	22749	25774	49065	30342
Chrome	2	i7-3632QM	2895	20947	12268	17500	13771	19667	12717	23361	10602	31632	22264	15400	22780	27971	25308	44512	28854
Firefox	0	Celeron P4600	1366	14218	7669	11395	11054	11230	6802	13738	10578	28231	14398	4107	13605	15046	23632	28688	18652
Chrome	0	Core 2 Duo E8500	2637	22408	11892	16122	11540	19768	12608	22692	10863	29478	18217	10623	26233	23130	19807	46255	27042
Safari	2	i5-3210M	1700	23945	19492	16138	14408	21190	12244	24296	14277	42179	30866	8733	22847	19962	35149	30130	20034
Firefox	2	i5-4440	2833	25398	15376	26797	30031	23983	15836	32296	21913	48359	33077	10020	30942	43203	46915	59511	39902
Microsoft Internet Explorer	2	i7-3610QM	1715	23502	14064	15073	23295	16405	17161	34838	6699	18597	22332	5757	13941	14339	14696	27488	11392
Firefox	1	i5-480M	1776	18901	10097	14881	15386	15428	6935	17830	13454	39203	20915	7328	17354	17839	33266	40405	8880
Microsoft Internet Explorer	0	Pentium P6200	1005	13491	7967	7895	9931	9548	7670	13681	2798	9132	9320	3144	7000	5197	7665	12602	5435
Microsoft Internet Explorer	2	i5-2410M	1376	18439	11049	10981	17073	12274	11398	27362	4841	13741	16392	4908	11357	9190	10360	18998	9138
Firefox	0	Celeron 1000M	1533	14380	7735	12837	12013	13673	7826	15820	12493	27719	17101	6116	15092	16842	24272	30538	21925
Microsoft Internet Explorer	2	i5-2450M	1230	17607	9911	9536	11460	10756	9498	22639	4726	12582	14309	5180	10287	7531	8954	12204	8019
Chrome	2	i5-4430	3988	25326	16579	24394	21214	26318	19872	38130	20145	40827	27484	20257	30130	41084	31154	64056	38963
Chrome	2	i5-2450M	3151	22534	13156	17650	13584	20158	13952	25916	13853	33475	22262	16582	24489	31167	25604	49601	30011
Chrome	0	Celeron 1000M	2017	13612	8398	11042	7976	13026	8383	14291	10146	21784	15762	12823	15392	14552	17650	24965	20338
Chrome	0	i3-3217U	2141	13639	8375	9862	6638	13117	6063	17182	10798	20419	18784	12858	15176	10180	22303	25350	22242
Chrome	1	i5-560M	2685	22865	11681	16616	11841	20205	11728	23704	13063	30539	18744	15025	23621	21188	22650	41399	28146
Safari	2	i5-3210M	1664	24017	19170	16310	14881	21348	13883	24701	14090	41470	30632	8773	23218	20460	35558	32703	19822
Chrome	0	Core 2 Duo E6400	1961	15002	7932	9573	6594	13530	7507	17665	8785		16036	12534	18117	6410	18186	25597	21336
Firefox	2	i5-3230M	872	9617	5518	6627	5921	7514	4619	4063	6267	18268	11958	2796	9715	9644	15229	17901	13865
Firefox	1	i5-560M	1976	22592	11574	17684	19704	18838	11473	16016	13112	45835	22680	7010	21538	25743	37961	48119	29627
Chrome	2	i5-2320	3337	24093	14727	21516	17554	21634	15052	33239	18450	36850	24047	17585	26438	29104	26386	56812	32089
Microsoft Internet Explorer	0	i3-370M	1100	15017	9511	8046	11841	9991	8864	20821	4087	10288	12518	3730	8998	6360	10255	14431	7154
Chrome	0	i3-4150	3949	24093	14356	23331	20348	24652	17390	39684	15581	37118	28918	22001	28708	25509	28950	64118	37072
Safari	2	i5-3427U	1586	20903	17510	14954	12309	19165	10627	22003	12669	37723	26469	7694	19522	18901	28786	24894	17270
Chrome	2	i5-2500	3844	26901	16343	24584	17492	24399	18207	31600	20552	40718	28555	22509	29431	40122	32379	65199	37310
Microsoft Internet Explorer	0	Celeron B800	956	10138	6280	5715	7463	6703	6455	14948	3313	7861	9716	3911	5207	6764	6454	8881	4952
Chrome	2	i7-3770	4027	28971	17615	28219	23295	27903	20907	39883	20161	46661	27707	17696	33036	42376	30266	73387	39320
Firefox	1	i5-480M	1754	19105	10240	15118	16292	15948	9375	17486	12827	38023	20959	6594	4367	21062	33118	38584	9058
Firefox	2	i5-3570K	3055	29887	12009	30721	67368	25266	13474	31297	22883	55894	37813	8573	30017	44823	50985	65459	15128
Firefox	2	i7-2670QM	2320	21454	12098	21622	21961	19075	11560	18991	17662	44748	28931	7863	24164	31416	56387	48588	10896
Firefox	2	i7-2670QM	2262	21771	12734	22210	23080	19306	12804	22206	19273	44166	28882	9561	23458	32402	42623	52472	32517
Firefox	2	i7-4770K	3493	31188	18830	34251	41543	29964	19509	38301	25177	54694	41749	10920	35976	50513	76441	67807	50937
Firefox	2	i5-2320	2577	23821	14329	24704	26377	21019	9830	25359	18890	49137	31662	7739	26000	37152	47090	56812	12047
Firefox	1	i5-560M	2019	22660	11354	19091	20600	18721	11484	14516	13707	44657	22729	6435	20966	26279	36851	46210	29442
Microsoft Internet Explorer	0	i3-2310M	1109	14246	9209	8736	12982	9342	9375	21629	4159	11147	13532	4050	7713	7598	8900	13909	7068
Microsoft Internet Explorer	2	i5-3570K	2002	27399	15597	18277	27543	19487	17956	39635	7436	22176	24958	5699	16790	16137	17020	32766	13296
Firefox	1	i5-560M	2000	22489	11422	19496	21214	18611	10648	14674	15019	45753	21542	7950	21661	25407	36519	46897	28973
Firefox	1	i5-480M	1702	18716	9942	15628	15628	15639	9280	17719	13096	38473	20760	5871	18290	21082	31640	39944	8946
Chrome	2	i5-4670	4809	29443	19226	31109	26101	30385	22208	39257	20625	52987	31883	21294	34758	47171	42433	77930	48002
Firefox	2	i5-3570K	3061	29887	11996	31019	72249	28278	16026	31405	23768	56556	37427	9228	31239	46179	51873	66166	42223
Microsoft Internet Explorer	0	Celeron B800	771	10118	6312	5523	9514	6680	4891	15392	2917	7741	9667	3294	6354	4561	6956	6633	4952
Firefox	1	i5-560M	2009	22489	11653	19055	20102	18715	8044	14847	13553	45603	23108	3586	20955	25845	38069	48306	28014
Microsoft Internet Explorer	1	i5-560M	1425	20162	10841	10473	10091	13050	7849	24176	4580	13323	15440	5030	10351	6336	12124	17443	9528
Firefox	2	i7-3770	3234	30657	17431	32369	37483	27742	17626	32174	25971	58237	39523	12899	8035	44371	58977	71953	47552
Chrome	2	i5-2320	3427	24017	14832	21473	17190	22068	14904	28372	18181	36367	26671	23199	26392	36255	29822	56700	34071
Microsoft Internet Explorer	2	i5-3570K	1976	27197	16283	18912	28325	19038	17973	41211	7750	22257	25563	5353	15766	16137	18020	32579	12979
Microsoft Internet Explorer	1	i5-560M	1370	20014	10914	10254	15339	12789	10284	24865	5292	13450	15304	4633	12144	7531	12087	18292	9627
Firefox	2	i7-3770	3361	30688	17332	31664	36656	27802	17558	33067	21742	58550	32086	9908	31274	45363	59569	71533	48207
Firefox	1	i5-560M	1936	22489	11166	19366	19783	17888	6841	14609	14970	45427	23888	6653	21019	25357	37295	48119	10440
Firefox	0	Pentium P6200	1354	14677	7374	11351	10584	12453	5338	13896	10602	30159	14817	2537	3262	13514	29304	28406	9296
Safari	2	i5-3210M	1765	24069	19916	17701	16238	21608	13911	26371	14863	41537	31350	8697	22392	18252	35928	31019	19908
Microsoft Internet Explorer	2	i5-3570K	2009	27372	15431	18515	29498	19044	17258	39040	6883	22276	25313	6067	16747	14523	16986	32610	13038
Firefox	2	i5-2320	2598	23697	14471	24704	26517	20813	13946	28184	19142	49423	31270	7883	25654	34770	47581	59629	35009
Firefox	1	i5-480M	1783	19234	10006	13267	14662	15586	10497	13436	12582	38454	21278	6031	17679	20583	43141	41481	8926
Microsoft Internet Explorer	1	i5-560M	1411	20082	11033	11022	15482	13204	9944	24450	4458	13258	15946	4298	12560	8556	12173	19692	9534
Chrome	2	i5-2320	3431	24041	13404	21708	17492	21857	16487	31313	17235	37519	25629	19610	26434	36577	28461	55933	33304
Firefox	2	i7-3630QM	2460	25275	14691	25072	27242	22713	13933	24361	17290	45012	32438	7205	25534	32338	44991	55017	40193
Firefox	1	i5-560M	1971	22467	11469	19347	20515	18906	10984	14474	14701	45767	23820	8187	21750	25407	37332	48446	26599
Firefox	2	i5-2320	2538	23797	14342	24729	26659	20805	9272	27175	21180	50054	31704	11230	25696	37263	46915	60043	11994
Microsoft Internet Explorer	2	i5-4460	1996	25770	15426	18737	30773	19554	15913	42715	6159	20405	22358	5220	17715	15870	20646	30837	12490
Chrome	2	i5-2500K	3480	26162	13828	23239	18194	23459	16630	34752	17925	39053	25232	18214	28506	38767	28018	61255	34289
Microsoft Internet Explorer	0	Celeron B800	779	10108	6159	5546	6792	6816	6443	15722	3293	7703	9548	3437	6340	5920	4909	9144	5065
Firefox	2	i7-2670QM	1767	16227	9466	15585	15339	14392	6921	15555	16298	34179	22285	5164	17570	22010	42549	37807	24768
Firefox	0	Pentium D 820	971	9488	4385	6811	8350	9929	3688	2831	7205	21608	11627	3592	11516	4338	15715	14497	11600
Chrome	2	i5-2430M	2089	21602	12627	18046	14492	19612	13032	24431	11254	32239	20625	13442	23829	28166	22650	45852	27878
Chrome	0	Pentium 3556U	921	8350	3924	7822	4279	8673	3955	19266	7125	13549	7337	2929	6454	6177	6627	18310	11564
Microsoft Internet Explorer	2	i7-2670QM	1554	19767	12478	13176	18955	13543	13938	31576	5271	15386	18765	4581	13069	11706	13098	22728	10096
Firefox	2	i5-2500K	2320	25398	15009	24441	28651	21553	14506	24811	21186	44307	33651	10533	26600	28110	65045	54768	38296
Microsoft Internet Explorer	2	i7-3632QM	1749	23150	13981	15414	25051	16487	15882	33652	6560	18616	21229	4894	14308	14013	13441	25498	10334
Microsoft Internet Explorer	2	i5-2500K	1907	23572	13703	14211	22058	15574	14948	34405	8141		23036	6091	12970	14041	14401	25375	11928
Microsoft Internet Explorer	2	i5-2500K	1674	21941	13933	14524	23515	14969	15682	35019	6087	17593	20605	5122	12278	14627	14032	25849	11042
Microsoft Internet Explorer	2	i5-2430M	1515	19273	11550	11574	15579	13013	10951	25629	5810	14715	17974	4985	12726	9199	13562	19259	8959
Chrome	2	i5-2450M	3135	22683	12953	19534	13547	20463	13577	26214	11849	33869	23745	14618	24708	29850	27030	48352	30837
Safari	2	i5-4250U	1692	20418	19161	17752	14367	20073	9897	26742	13039	36385	24919	7893	22297	22481	25900	30275	17032
Chrome	0	i3-2350M	2404	17180	10490	14264	10629	15274	10824	20692	11055	26060	17844	10267	18777	22704	19886	35628	23571
Chrome	2	i7-2670QM	2379	16259	10036	14105	10517	14852	10322	20743	12187	25146	18103	14384	18000	21731	19960	33439	23102
Firefox	0	i3-3120M	2104	20034	11102	18099	17616	17855	11049	15689	16478	38805	24926	8628	20440	26150	47877	43473	9898
Chrome	2	i5-4300U	3587	22615	14223	21537	17014	23189	15820	32593	11572	35906	24816	12753	26974	22727	29008	51953	36014
Microsoft Internet Explorer	2	i5-4440	1848	24980	13759	16310	22557	18761	15172	40172	6910	20726	22057	6162	17157	11627	19792	26158	12821
Chrome	2	i5-4570	4174	27372	16405	26931	22156	28237	19546	43222	17659	45171	27099	18366	32503	45858	30266	71882	40358
Microsoft Internet Explorer	2	i7-3610QM	1727	23720	13663	15924	25306	16756	14788	34111	7052	18760	22747	5640	11300	14395	15688	23612	11445
Microsoft Internet Explorer	2	i5-2450M	460	6262	3556	3662	4793	3873		9135	1742	4877	5681	2186	3911	3096	3956	5270	2612
Chrome	2	i7-4800MQ	4618	28761	17385	29386	25965	29505	21241	40071	21053	46112	31710	22799	34268	47218	37110	74450	46309
Safari	2	i7-3615QM	1894	25545	21119	25147	18883	23162	13979	30978	18670	47919	32736	13557	24016	30302	36889	44557	21072
Microsoft Internet Explorer	0	Core 2 Duo E6400	958	12674	7239	6346	8551	9012	6667	17667	3188	8955	9538	3024	8610	5280	5879	11895	6083
Firefox	0	Pentium P6100	1392	14204	8278	11264	10321	11795	4858	10505	9423	29587	16108	5239	13323	15793	23458	28212	6797
Chrome	2	i7-3630QM	3511	24338	14905	22746	18328	23806	16875	30776	17461	38845	25961	19973	27779	26541	29304	57036	35214
Chrome	2	i7-3615QM	3601	24906	14791	24441	17868	23996	17609	25847	12403	43925	26496	18044	29174	35033	33488	58989	36662
Firefox	2	i7-3630QM	2695	26092	14186	25747	28325	23614	13897	27362	20797	46876	32773	7775	26138	37486	56387	56369	39995
Microsoft Internet Explorer	2	i7-4800MQ	2121	27844	16511	19919	33913	20699	19123	42109	6773	22371	24106	5150	16931	15755	21830	36047	14434
Chrome	0	Pentium P6200	1892	15092	8538	10960	7142	13676	7796	16553	10548	20834	13987	11417	16680	14438	16469	25597	20516
Chrome	2	i7-3770	4161	24462	17644	27330	24200	27694	20744	33396	22549	45918	31859	26446	32407	44868	36185	59865	42002
Firefox	2	i5-3570K	2971	29887	11903	31201	71217	28183	12596	31313	24333	56265	37572	8936	30755	41248	43807	65590	42732
Chrome	1	i5-460M	2315	20082	10731	14359	11054	17953	10648	21336	10345	27028	15328	7422	21728	21368	17342	38321	23115
Firefox	2	i7-3632QM	2698	25499	14122	25821	26802	22918	14147	24389	21188	49745	30581	8361	26282	34562	63058	59104	38897
Microsoft Internet Explorer	2	i7-3770	1990	28344	14873	16863	19550	19780	16566	35666	6976	22128	24965	5716	16917	11952	17464	28745	13554
Chrome	0	Pentium D 960	1617	14428	5697	6304	4043	13048	5568	11796	6364	18606	12561	8845	13069	10658	13201	17410	15855
Chrome	2	i5-2450M	3173	22717	13094	19515	15579	20551	13911	25764	12509	34057	23652	17043	25061	29278	27030	49065	30540
Chrome	2	i7-2670QM	2379	16472	10042	14171	10429	15102	8916	21593	12745	25209	17895	13390	17990	20854	19866	33803	22831
Firefox	0	Core 2 Duo E6400	1225	12514	7288	6699	7802	10813	6724	12535	7236	29085	16179	2039	15731	11055	17689	27885	19359
Chrome	2	i5-2450M	3176	22297	13474	19145	13329	19950	12930	25874	12338	33997	24457	16924	24609	31322	27796	49749	31631
Chrome	2	i7-4790	4605	29739	18130	31140	27850	30191	23102	49671	19835		30997	17950	34716	45995	34897	80053	46230
Firefox	2	i7-2670Q	2184	21475	12899	20565	21304	18657	8847	18192	18306	44115	28775	9017	23324	32021	55222	51345	32404
Chrome	2	i7-2600	3833	27427	15595	24998	21124	24897	19237	33687	20051	41936	28110	18452	30271	41624	30858	64056	37218
Firefox	2	i5-4440	2742	24881	15050	26403	29325	24384	15913	30482	21304	47209	32285	8950	30091	37541	44133	60959	13402
Microsoft Internet Explorer	2	i5-3427U	580	8358	5081	4821	6585	5235	4042	10244	2410		7055	3461	4879	3694	4648	7569	3815
Chrome	2	i5-4440	2919	25622	14385	25747	21865	26923	18677	40763	18979	41594	28135	19656	30342	34528	31936	65264	39274
Firefox	2	i7-2670QM	1809	16291	9898	15909	15482	14969	9698	15672	14896	34613	22375	5296	18279	23130	41291	36118	8807
Chrome	0	Core 2 Duo E6400	1935	15076	7884	9325	6647	13396	6484	16855	9046		16084	13734	17898	8556	17390	17576	20292
Microsoft Internet Explorer	2	i5-3570K	2011	27547	14935	17517	24926	19657	16825	35458	7179	21947	25377	5566	16578	12733	15920	29958	11736
Firefox	2	i7-3630QM	2861	26712	14774	27487	30398	23514	15007	26860	22369	51714	34184	11801	26431	39306	46129	59453	41767
Microsoft Internet Explorer	0	i3-3217U	985	13276	7888	7686	9198	9247	7627	17435	3724	10089	11902	3994	6951	5106	8116	11928	6380
Firefox	2	i7-3770	3022	29473	16078	29879	20859	27665	8745	30955	23421	48683	36682	9106	29191	41666	55943	66359	43883
Microsoft Internet Explorer	2	i7-3632QM	1712	23354	14029	15372	25435	16534	16424	32021	6976	18561	21296	6022	14174	13355	14134	25951	11247
Microsoft Internet Explorer	2	i7-3632QM	807	11031	6124	6028	7132	7646	6731	16895	3439	8700	9960	3247	5489	7038	6547	10063	5210
Firefox	2	i5-3210M	2695	26092	14718	24207	28165	21848	13071	19375	15516	62706	20507	9855	23109	30424	62307	47479	28431
Firefox	0	i3-3240	2679	27224	14817	26481	29325	24538	12453	27048	19476	51143	32237	7133	28482	38573	64379	58702	39380
Firefox	1	i5-480M	1827	20862	10952	17500	18194	17614	10658	15495	12831	42805	23381	6983	20196	23809	48987	45675	29343
Microsoft Internet Explorer	0	Pentium 2117U	987	13142	7961	7771	10885	9406	8060	19544	3366	10413	11737	3756	7975	5796	8853	11993	6413
Firefox	2	i5-4440	2841	25744	15026	27252	31158	23109	9801	32085	21057	47950	33181	9497	31578	42039	46619	59805	13799
Firefox	1	i5-480M	1850	20628	10779	17304	18396	17024	9597	16987	14073	42144	21620	6926	20083	23107	31492	43600	27941
Microsoft Internet Explorer	0	Xeon 5160	1110	16918	9792	8797	11648	12049	9516	22480	4148	12631	11282	3704	10149	8447	7622	16821	7617
Chrome	2	i5-3210M	3811	23424	13987	21182	15482	22523	15384	24268	10390	39827	22914	13596	27239	31479	29600	52472	33072
Firefox	2	i7-3630QM	2322	24807	13161	23125	25051	22129	12278	23811	17496	43736	29002	4133	26219	30539	33192	51306	34375
